Kp=[2000;2000];
Kd=[400;400];